333.6904	26.85238
333.6986	26.85238
333.7069	27.34627
333.7151	27.87782
333.7234	29.32644
333.7316	29.19692
333.7398	29.33602
333.7481	28.26722
333.7563	27.00106
333.7646	27.44532
333.7728	28.97391
333.781	30.34135
333.7893	32.57475
333.7975	35.98835
333.8058	38.67521
333.814	38.70431
333.8222	38.55496
333.8305	38.59392
333.8387	38.66288
333.847	38.61971
333.8552	37.21758
333.8634	35.6305
333.8717	34.18074
333.8799	32.70499
333.8882	31.22555
333.8964	29.52316
333.9046	29.22034
333.9129	28.76373
333.9211	27.18671
333.9294	27.14621
333.9376	28.59256
333.9458	29.70744
333.9541	32.29842
333.9623	36.84202
333.9706	38.3631
333.9788	39.88582
333.987	40.38017
333.9953	37.67958
334.0035	33.09047
334.0117	30.0017
334.02	27.0658
334.0282	24.466
334.0365	23.5212
334.0447	23.60828
334.0529	22.16776
334.0612	21.45504
334.0694	21.71906
334.0777	21.64459
334.0859	21.61941
334.0941	21.86094
334.1024	20.84814
334.1106	19.59851
334.1189	19.77974
334.1271	19.80305
334.1353	19.72077
334.1436	19.89611
334.1518	19.57205
334.1601	17.97642
334.1683	16.39112
334.1765	15.55131
334.1848	16.99778
334.193	20.21666
334.2013	23.11513
334.2095	27.44868
334.2177	31.45656
334.226	33.30965
334.2342	32.85494
334.2425	31.28463
334.2507	30.87622
334.2589	31.32582
334.2672	30.65926
334.2754	29.18845
334.2837	30.49813
334.2919	32.46337
334.3001	32.94842
334.3084	33.15824
334.3166	34.76109
334.3249	35.09751
334.3331	33.93472
334.3413	32.34687
334.3496	30.86618
334.3578	29.35578
334.3661	28.1432
334.3743	25.38004
334.3825	23.23783
334.3908	23.54893
334.399	23.42525
334.4073	24.76114
334.4155	25.58747
334.4237	25.46086
334.432	25.43025
334.4402	23.87502
334.4485	23.42497
334.4567	23.43868
334.4649	23.76483
334.4732	25.35816
334.4814	25.35596
334.4897	26.31945
334.4979	27.60172
334.5061	27.19425
334.5144	25.7198
334.5226	23.20919
334.5309	18.92103
334.5391	15.13626
334.5473	14.11006
334.5556	14.09447
334.5638	14.18044
334.5721	13.99083
334.5803	14.36325
334.5885	15.97006
334.5968	17.47767
334.605	18.9499
334.6133	20.40664
334.6215	21.95528
334.6297	23.46148
334.638	23.64627
334.6462	23.44671
334.6544	23.67883
334.6627	23.42196
334.6709	21.8155
334.6792	21.67967
334.6874	21.01403
334.6956	19.28057
334.7039	17.84089
334.7121	16.31295
334.7204	15.5119
334.7286	17.35597
334.7368	20.279
334.7451	21.60416
334.7533	23.24902
334.7616	23.49415
334.7698	24.01541
334.778	22.86665
334.7863	16.54313
334.7945	14.25684
334.8028	13.71331
334.811	15.22356
334.8192	20.24836
334.8275	24.8268
334.8357	27.08962
334.844	27.12334
334.8522	27.81143
334.8604	27.20485
334.8687	17.99042
334.8769	13.86765
334.8852	14.28431
334.8934	14.04109
334.9016	14.08214
334.9099	15.51774
334.9181	16.81941
334.9264	19.16462
334.9346	21.86278
334.9428	21.72491
334.9511	21.56557
334.9593	21.79171
334.9676	21.36917
334.9758	19.58549
334.984	16.63653
334.9923	13.4554
335.0005	11.1904
335.0088	10.18678
335.017	10.36123
335.0252	11.81575
335.0335	13.28541
335.0417	15.13259
335.05	18.87691
335.0582	23.38116
335.0664	23.66032
335.0747	24.26411
335.0829	26.09706
335.0912	27.49314
335.0994	28.98071
335.1076	30.49046
335.1159	31.91092
335.1241	33.55018
335.1324	34.87061
335.1406	34.7873
335.1488	35.80849
335.1571	37.73729
335.1653	38.63814
335.1736	38.60037
335.1818	40.17377
335.19	40.46644
335.1983	41.0687
335.2065	42.51955
335.2148	43.93492
335.223	49.90622
335.2312	53.28015
335.2395	54.181
335.2477	55.65326
335.256	55.60971
335.2642	55.46017
335.2724	55.76693
335.2807	55.1109
335.2889	53.64825
335.2971	53.81715
335.3054	51.77217
335.3136	48.03576
335.3219	49.28726
335.3301	57.28781
335.3383	60.94215
335.3466	61.32336
335.3548	61.14486
335.3631	61.24786
335.3713	61.26062
335.3795	60.0064
335.3878	58.1329
335.396	57.42157
335.4043	57.33886
335.4125	55.72861
335.4207	55.56598
335.429	54.93313
335.4372	53.15945
335.4455	51.74722
335.4537	50.35795
335.4619	47.90002
335.4702	44.21565
335.4784	42.41392
335.4867	44.20397
335.4949	45.22447
335.5031	50.18189
335.5114	55.23446
335.5196	58.04671
335.5279	62.68377
335.5361	64.81853
335.5443	64.96751
335.5526	65.0818
335.5608	64.87332
335.5691	65.64716
335.5773	76.97004
335.5855	84.09396
335.5938	83.96375
335.602	85.71187
335.6103	85.87491
335.6185	84.82635
335.6267	82.45114
335.635	79.47382
335.6432	78.14776
335.6515	79.40472
335.6597	81.18563
335.6679	82.31938
335.6762	84.26202
335.6844	90.20289
335.6927	100.975
335.7009	107.2811
335.7091	108.8039
335.7174	110.2272
335.7256	110.232
335.7339	110.0763
335.7421	110.3608
335.7503	109.8126
335.7586	108.2835
335.7668	108.3384
335.7751	107.3547
335.7833	105.6973
335.7915	104.1646
335.7998	102.6728
335.808	103.5363
335.8163	107.6412
335.8245	115.7856
335.8327	124.0818
335.841	128.165
335.8492	136.8567
335.8575	142.9949
335.8657	144.5023
335.8739	148.2207
335.8822	156.0506
335.8904	159.3423
335.8987	165.0654
335.9069	174.4023
335.9151	179.8081
335.9234	183.6933
335.9316	192.2633
335.9398	198.5079
335.9481	198.6239
335.9563	198.6718
335.9646	198.6963
335.9728	198.6699
335.981	198.6977
335.9893	198.6672
335.9975	198.6315
336.0058	199.5734
336.014	202.7119
336.0222	208.0434
336.0305	213.9911
336.0387	218.5905
336.047	221.7764
336.0552	224.8321
336.0634	230.6666
336.0717	238.1144
336.0799	239.6681
336.0882	243.72
336.0964	255.7161
336.1046	267.7775
336.1129	271.6506
336.1211	279.1006
336.1294	283.2552
336.1376	283.7754
336.1458	287.8787
336.1541	295.6892
336.1623	298.2244
336.1706	299.7452
336.1788	303.3747
336.187	306.0646
336.1953	308.1407
336.2035	319.0645
336.2118	327.5824
336.22	329.011
336.2282	333.9336
336.2365	343.5502
336.2447	346.9779
336.253	354.2679
336.2612	367.8597
336.2694	371.8857
336.2777	373.1101
336.2859	384.0249
336.2942	395.0327
336.3024	396.5326
336.3106	400.6685
336.3189	409.9352
336.3271	415.2133
336.3354	418.863
336.3436	426.6425
336.3518	429.8373
336.3601	432.3562
336.3683	435.6943
336.3766	438.2545
336.3848	439.6517
336.393	441.3027
336.4013	441.6259
336.4095	442.0056
336.4178	443.765
336.426	445.266
336.4342	445.6309
336.4425	444.6033
336.4507	442.9553
336.459	441.5256
336.4672	440.0878
336.4754	438.2291
336.4837	438.0189
336.4919	433.6447
336.5002	422.7872
336.5084	419.2683
336.5166	417.9353
336.5249	416.5834
336.5331	411.6842
336.5414	400.8253
336.5496	395.3454
336.5578	393.2791
336.5661	392.6128
336.5743	392.5758
336.5826	391.0565
336.5908	389.2179
336.599	388.8469
336.6073	384.59
336.6155	375.2926
336.6237	369.6784
336.632	360.0465
336.6402	350.9496
336.6485	346.6057
336.6567	340.1056
336.6649	324.5035
336.6732	318.3743
336.6814	319.6847
336.6897	318.8861
336.6979	317.3315
336.7061	318.674
336.7144	319.3381
336.7226	319.4391
336.7309	321.3967
336.7391	324.4395
336.7473	326.4086
336.7556	326.8116
336.7638	326.793
336.7721	326.7117
336.7803	325.2564
336.7885	323.6527
336.7968	322.2937
336.805	320.6267
336.8133	319.2149
336.8215	320.3974
336.8297	322.9827
336.838	326.6183
336.8462	331.36
336.8545	335.8311
336.8627	337.8197
336.8709	338.1428
336.8792	337.954
336.8874	338.1042
336.8957	338.3114
336.9039	336.9591
336.9121	349.7554
336.9204	365.0241
336.9286	366.3611
336.9369	372.2893
336.9451	376.679
336.9533	378.4401
336.9616	382.8634
336.9698	390.5088
336.9781	393.9233
336.9863	396.3678
336.9945	399.8066
337.0028	402.2662
337.011	403.5646
337.0193	409.1123
337.0275	414.1212
337.0357	415.3308
337.044	417.6409
337.0522	425.5626
337.0605	427.0453
337.0687	427.0862
337.0769	428.6751
337.0852	428.431
337.0934	428.366
337.1017	428.6461
337.1099	427.7858
337.1181	426.3612
337.1264	424.8632
337.1346	420.1061
337.1429	418.6046
337.1511	413.948
337.1593	404.9898
337.1676	403.7534
337.1758	404.2924
337.1841	394.6331
337.1923	385.6693
337.2005	380.3442
337.2088	358.6094
337.217	348.8733
337.2253	343.9104
337.2335	332.942
337.2417	321.0923
337.25	310.9691
337.2582	297.4651
337.2664	276.7413
337.2747	261.4233
337.2829	257.9305
337.2912	235.9581
337.2994	222.9729
337.3076	218.8584
337.3159	208.5715
337.3241	198.0894
337.3324	189.5315
337.3406	178.3479
337.3488	167.6854
337.3571	162.7058
337.3653	158.6509
337.3736	150.1756
337.3818	142.6159
337.39	133.2086
337.3983	117.8898
337.4065	109.7198
337.4148	103.8185
337.423	88.16671
337.4312	70.52496
337.4395	68.5866
337.4477	67.30788
337.456	48.9903
337.4642	34.16742
337.4724	34.56179
337.4807	26.7685
337.4889	20.72453
337.4972	19.1778
337.5054	12.65975
337.5136	-1.446827
337.5219	-10.52843
337.5301	-18.37541
337.5384	-23.78159
337.5466	-25.779
337.5548	-27.25694
337.5631	-28.92106
337.5713	-29.18267
337.5796	-29.53354
337.5878	-28.67013
337.596	-23.93089
337.6043	-21.89805
337.6125	-20.99085
337.6208	-18.84381
337.629	-18.06335
337.6372	-17.70507
337.6455	1.272716
337.6537	23.20833
337.662	32.3793
337.6702	36.99246
337.6784	52.36068
337.6867	60.11919
337.6949	62.96145
337.7032	67.97007
337.7114	72.3386
337.7196	75.49879
337.7279	77.62645
337.7361	78.10645
337.7444	78.35221
337.7526	80.00314
337.7608	78.7663
337.7691	78.00083
337.7773	77.97295
337.7856	76.03708
337.7938	72.93514
337.802	70.90612
337.8103	63.91264
337.8185	56.06036
337.8268	53.6339
337.835	47.88935
337.8432	41.89395
337.8515	40.57071
337.8597	36.68927
337.868	24.10448
337.8762	19.97173
337.8844	18.53592
337.8927	13.47617
337.9009	8.042075
337.9091	6.821425
337.9174	3.164203
337.9256	-2.432937
337.9339	-4.929762
337.9421	-11.44786
337.9503	-34.66737
337.9586	-46.17681
337.9668	-51.21206
337.9751	-59.8824
337.9833	-66.84359
337.9915	-68.6909
337.9998	-81.39007
338.008	-93.08807
338.0163	-95.58782
338.0245	-101.8355
338.0327	-115.3001
338.041	-125.3777
338.0492	-135.959
338.0575	-149.0089
338.0657	-153.3523
338.0739	-155.2482
338.0822	-169.8001
338.0904	-184.2764
338.0987	-185.6233
338.1069	-191.5327
338.1151	-197.1545
338.1234	-199.6452
338.1316	-200.9262
338.1399	-202.4278
338.1481	-202.7125
338.1563	-201.271
338.1646	-200.5168
338.1728	-200.3952
338.1811	-198.7848
338.1893	-197.1258
338.1975	-187.408
338.2058	-176.9836
338.214	-171.5582
338.2223	-162.412
338.2305	-155.4993
338.2387	-150.856
338.247	-142.6894
338.2552	-130.4889
338.2635	-121.6703
338.2717	-111.3799
338.2799	-102.7724
338.2882	-101.0025
338.2964	-97.4678
338.3047	-73.9501
338.3129	-57.06665
338.3211	-52.01413
338.3294	-49.62249
338.3376	-48.18634
338.3459	-46.50948
338.3541	-46.13455
338.3623	-45.78916
338.3706	-44.10392
338.3788	-42.64674
338.3871	-40.98352
338.3953	-40.36834
338.4035	-40.44894
338.4118	-40.50686
338.42	-41.98252
338.4283	-43.75554
338.4365	-50.16787
338.4447	-55.88187
338.453	-58.7335
338.4612	-79.41291
338.4695	-92.19917
338.4777	-93.64139
338.4859	-98.1623
338.4942	-108.8995
338.5024	-118.1582
338.5107	-127.4035
338.5189	-138.8362
338.5271	-148.2697
338.5354	-150.9613
338.5436	-157.0067
338.5518	-165.6497
338.5601	-171.6629
338.5683	-178.0503
338.5766	-193.2323
338.5848	-203.4008
338.593	-214.667
338.6013	-232.6154
338.6095	-247.1034
338.6178	-253.1782
338.626	-271.6507
338.6342	-291.2147
338.6425	-299.6976
338.6507	-311.6176
338.659	-326.8771
338.6672	-339.3241
338.6754	-356.7947
338.6837	-380.6718
338.6919	-391.7055
338.7002	-395.8036
338.7084	-409.3327
338.7166	-425.8519
338.7249	-432.1545
338.7331	-441.0165
338.7414	-448.5378
338.7496	-452.7497
338.7578	-461.0966
338.7661	-476.4836
338.7743	-482.5618
338.7826	-483.954
338.7908	-485.5983
338.799	-486.9176
338.8073	-486.9325
338.8155	-485.679
338.8238	-483.8635
338.832	-482.9433
338.8402	-480.9056
338.8485	-473.365
338.8567	-467.8071
338.865	-463.8165
338.8732	-449.3069
338.8814	-425.0419
338.8897	-417.9695
338.8979	-411.4741
338.9062	-391.199
338.9144	-369.3284
338.9226	-359.9548
338.9309	-341.1805
338.9391	-326.6092
338.9474	-325.8198
338.9556	-316.3106
338.9638	-278.6158
338.9721	-266.7306
338.9803	-262.2662
338.9886	-253.2633
338.9968	-251.3894
339.005	-249.1049
339.0133	-240.3813
339.0215	-234.8551
339.0298	-233.954
339.038	-230.7587
339.0462	-230.6705
339.0545	-229.749
339.0627	-228.5713
339.071	-228.8647
339.0792	-228.8465
339.0874	-228.5972
339.0957	-229.7861
339.1039	-230.7975
339.1122	-230.7531
339.1204	-232.2593
339.1286	-233.8463
339.1369	-235.2618
339.1451	-236.8041
339.1534	-238.2569
339.1616	-239.5844
339.1698	-242.3734
339.1781	-244.8219
339.1863	-246.0185
339.1945	-247.5524
339.2028	-250.1567
339.211	-255.0084
339.2193	-262.0777
339.2275	-269.3087
339.2357	-273.7477
339.244	-275.0012
339.2522	-278.9796
339.2605	-285.6889
339.2687	-291.3535
339.2769	-295.8447
339.2852	-299.4684
339.2934	-300.8262
339.3017	-307.2328
339.3099	-321.1725
339.3181	-326.4704
339.3264	-327.6359
339.3346	-335.8345
339.3429	-350.208
339.3511	-360.2156
339.3593	-365.7181
339.3676	-375.3792
339.3758	-383.4466
339.3841	-385.4213
339.3923	-388.5317
339.4005	-390.2766
339.4088	-391.9433
339.417	-396.4789
339.4253	-402.3309
339.4335	-403.9732
339.4417	-403.7463
339.45	-404.7482
339.4582	-405.9254
339.4665	-405.8333
339.4747	-407.3359
339.4829	-407.9957
339.4912	-407.3282
339.4994	-405.2599
339.5077	-400.6464
339.5159	-393.718
339.5241	-384.617
339.5324	-377.1602
339.5406	-373.4687
339.5489	-369.2332
339.5571	-360.1887
339.5653	-354.8264
339.5736	-355.3321
339.5818	-350.6184
339.5901	-332.3409
339.5983	-320.4818
339.6065	-313.6956
339.6148	-306.1293
339.623	-300.4608
339.6313	-296.8005
339.6395	-286.714
339.6477	-280.4485
339.656	-278.6188
339.6642	-267.5696
339.6725	-258.5487
339.6807	-256.6757
339.6889	-256.7222
339.6972	-255.0835
339.7054	-255.1507
339.7137	-254.4888
339.7219	-250.7341
339.7301	-246.8348
339.7384	-243.6926
339.7466	-236.0535
339.7549	-231.5482
339.7631	-229.9344
339.7713	-228.5263
339.7796	-227.0114
339.7878	-224.1441
339.7961	-221.0547
339.8043	-218.2334
339.8125	-217.7959
339.8208	-216.7077
339.829	-199.4279
339.8372	-188.207
339.8455	-186.9052
339.8537	-185.4554
339.862	-185.6174
339.8702	-184.0082
339.8784	-184.3964
339.8867	-185.3462
339.8949	-185.5678
339.9032	-187.0015
339.9114	-161.0172
339.9196	-140.1145
339.9279	-140.2513
339.9361	-136.7551
339.9444	-133.4315
339.9526	-131.7982
339.9608	-129.8881
339.9691	-126.6061
339.9773	-123.5787
339.9856	-122.9785
339.9938	-124.2885
340.002	-125.4942
340.0103	-125.1562
340.0185	-123.6457
340.0268	-122.756
340.035	-124.981
340.0432	-123.8018
340.0515	-115.7973
340.0597	-113.8013
340.068	-114.1236
340.0762	-113.4891
340.0844	-111.7265
340.0927	-109.0475
340.1009	-105.6819
340.1092	-101.8593
340.1174	-97.80939
340.1256	-93.76172
340.1339	-89.94595
340.1421	-86.67612
340.1504	-84.6759
340.1586	-83.33157
340.1668	-81.84055
340.1751	-80.43345
340.1833	-78.38561
340.1916	-78.9574
340.1998	-76.36438
340.208	-66.92696
340.2163	-64.95699
340.2245	-63.99253
340.2328	-62.81902
340.241	-63.17614
340.2492	-63.15194
340.2575	-63.21365
340.2657	-71.83929
340.274	-79.86971
340.2822	-80.08765
340.2904	-81.71349
340.2987	-82.09031
340.3069	-81.83779
340.3152	-81.97655
340.3234	-81.90245
340.3316	-81.69715
340.3399	-83.91182
340.3481	-87.52199
340.3564	-89.73296
340.3646	-89.47765
340.3728	-88.17496
340.3811	-85.61257
340.3893	-82.38642
340.3976	-79.64136
340.4058	-78.19817
340.414	-78.24062
340.4223	-77.3745
340.4305	-75.69823
340.4388	-74.22228
340.447	-72.65675
340.4552	-72.40462
340.4635	-72.50729
340.4717	-72.57607
340.4799	-72.48019
340.4882	-70.99255
340.4964	-69.64774
340.5047	-67.33214
340.5129	-64.43668
340.5211	-63.1185
340.5294	-62.05009
340.5376	-58.0714
340.5459	-54.52358
340.5541	-53.5
340.5623	-51.97188
340.5706	-50.44156
340.5788	-49.02019
340.5871	-47.41856
340.5953	-46.06785
340.6035	-46.02598
340.6118	-47.08235
340.62	-49.63661
340.6283	-52.45024
340.6365	-53.67956
340.6447	-52.74619
340.653	-47.2303
340.6612	-42.83984
340.6695	-42.35428
340.6777	-42.36014
340.6859	-42.55162
340.6942	-41.95333
340.7024	-48.59804
340.7107	-60.57177
340.7189	-64.63599
340.7271	-67.85175
340.7354	-68.89367
340.7436	-69.09196
340.7519	-70.69348
340.7601	-70.69571
340.7683	-70.53816
340.7766	-70.75742
340.7848	-70.37426
340.7931	-68.73098
340.8013	-67.04669
340.8095	-66.97325
340.8178	-66.13448
340.826	-64.9965
340.8343	-66.70226
340.8425	-68.43817
340.8507	-68.85886
340.859	-68.70368
340.8672	-68.7427
340.8755	-68.73923
340.8837	-68.7431
340.8919	-68.71672
340.9002	-68.78556
340.9084	-68.71066
340.9167	-67.39809
340.9249	-64.26601
340.9331	-62.77265
340.9414	-63.09649
340.9496	-62.3118
340.9579	-60.86824
340.9661	-59.61808
340.9743	-59.35509
340.9826	-59.1767
340.9908	-59.12954
340.9991	-63.4868
341.0073	-66.16476
341.0155	-67.79385
341.0238	-70.92058
341.032	-72.40755
341.0403	-72.66042
341.0485	-72.00088
341.0567	-69.63237
341.065	-66.79482
341.0732	-66.84279
341.0815	-65.89394
341.0897	-63.26385
341.0979	-60.67739
341.1062	-59.33841
341.1144	-59.22881
341.1227	-59.50615
341.1309	-58.8243
341.1391	-57.15829
341.1474	-55.68995
341.1556	-54.25094
341.1638	-52.62458
341.1721	-51.44035
341.1803	-47.17632
341.1886	-36.27708
341.1968	-31.65488
341.205	-29.72752
341.2133	-26.2355
341.2215	-23.49429
341.2298	-23.30078
341.238	-24.64547
341.2462	-26.06999
341.2545	-27.8266
341.2627	-30.92887
341.271	-34.21575
341.2792	-35.15006
341.2874	-34.65392
341.2957	-34.98866
341.3039	-36.5307
341.3122	-38.11167
341.3204	-39.34394
341.3286	-41.48472
341.3369	-46.76702
341.3451	-54.56778
341.3534	-58.21544
341.3616	-68.4111
341.3698	-80.23846
341.3781	-81.93147
341.3863	-83.47885
341.3946	-83.95768
341.4028	-83.81262
341.411	-83.70086
341.4193	-82.07986
341.4275	-78.0325
341.4358	-72.1605
341.444	-66.78031
341.4522	-62.44371
341.4605	-57.9059
341.4687	-54.91846
341.477	-51.05411
341.4852	-46.755
341.4934	-44.1096
341.5017	-42.55246
341.5099	-42.12638
341.5182	-43.00633
341.5264	-44.7475
341.5346	-46.13937
341.5429	-46.19209
341.5511	-46.1492
341.5594	-46.12283
341.5676	-49.20386
341.5758	-56.99151
341.5841	-60.65086
341.5923	-62.33826
341.6006	-63.2282
341.6088	-63.08691
341.617	-63.13812
341.6253	-62.10723
341.6335	-59.4581
341.6418	-56.69743
341.65	-55.53452
341.6582	-55.56987
341.6665	-55.32179
341.6747	-56.58558
341.683	-60.49432
341.6912	-64.923
341.6994	-66.72148
341.7077	-66.91348
341.7159	-66.83716
341.7242	-66.85735
341.7324	-66.85447
341.7406	-66.86534
341.7489	-66.81367
341.7571	-66.95329
341.7654	-66.75789
341.7736	-65.23037
341.7818	-63.74485
341.7901	-62.0508
341.7983	-61.16631
341.8065	-61.16945
341.8148	-59.56424
341.823	-59.37363
341.8313	-58.61544
341.8395	-57.34816
341.8477	-57.45865
341.856	-55.92345
341.8642	-55.50903
341.8725	-55.16292
341.8807	-53.34
341.8889	-51.8486
341.8972	-51.85138
341.9054	-51.05626
341.9137	-49.25547
341.9219	-47.93311
341.9301	-46.61724
341.9384	-42.51854
341.9466	-38.51222
341.9549	-36.06704
341.9631	-34.84255
341.9713	-36.21814
341.9796	-38.09774
341.9878	-38.67812
341.9961	-38.68915
342.0043	-38.66766
342.0125	-35.90369
342.0208	-32.80482
342.029	-29.60773
342.0373	-27.1509
342.0455	-27.31141
342.0537	-27.54808
342.062	-34.88877
342.0702	-41.50915
342.0785	-40.44697
342.0867	-41.94289
342.0949	-43.81321
342.1032	-44.44795
342.1114	-44.09683
342.1197	-44.27221
